[(1, 1), (2, 2), (3, 2), (4, 1), (5, 3), (6, 5), (7, 2), (8, 2)]
[(1, 1), (2, 2), (3, 2), (4, 1), (5, 3), (6, 3), (7, 3), (8, 2)]
[(1, 1), (2, 2), (3, 2), (4, 1), (5, 3), (6, 1), (7, 3), (8, 5)]
[(1, 1), (2, 2), (3, 2), (4, 1), (5, 3), (6, 4), (7, 4), (8, 5)]
[(1, 1), (2, 2), (3, 2), (4, 1), (5, 3), (6, 5), (7, 2), (8, 3)]
[(1, 1), (2, 2), (3, 2), (4, 1), (5, 3), (6, 1), (7, 3), (8, 4)]
[(1, 1), (2, 2), (3, 2), (4, 1), (5, 3), (6, 4), (7, 4), (8, 2)]
[(1, 1), (2, 2), (3, 2), (4, 1), (5, 3), (6, 5), (7, 4), (8, 5)]
[(1, 1), (2, 2), (3, 2), (4, 1), (5, 3), (6, 4), (7, 4), (8, 3)]
[(1, 1), (2, 2), (3, 2), (4, 1), (5, 3), (6, 3), (7, 2), (8, 2)]
[(1, 1), (2, 2), (3, 2), (4, 1), (5, 3), (6, 1), (7, 3), (8, 3)]
[(1, 1), (2, 2), (3, 2), (4, 1), (5, 3), (6, 1), (7, 2), (8, 4)]
[(1, 1), (2, 2), (3, 2), (4, 1), (5, 3), (6, 5), (7, 5), (8, 5)]
[(1, 1), (2, 2), (3, 2), (4, 1), (5, 3), (6, 5), (7, 1), (8, 4)]
[(1, 1), (2, 2), (3, 2), (4, 1), (5, 3), (6, 3), (7, 1), (8, 4)]
[(1, 1), (2, 2), (3, 2), (4, 1), (5, 3), (6, 4), (7, 5), (8, 4)]
[(1, 1), (2, 2), (3, 2), (4, 1), (5, 3), (6, 3), (7, 1), (8, 5)]
[(1, 1), (2, 2), (3, 2), (4, 1), (5, 3), (6, 5), (7, 3), (8, 4)]
[(1, 1), (2, 2), (3, 2), (4, 1), (5, 3), (6, 3), (7, 5), (8, 5)]
[(1, 1), (2, 2), (3, 2), (4, 1), (5, 3), (6, 3), (7, 4), (8, 5)]
[(1, 1), (2, 2), (3, 2), (4, 1), (5, 3), (6, 3), (7, 3), (8, 3)]
[(1, 1), (2, 2), (3, 2), (4, 1), (5, 3), (6, 3), (7, 3), (8, 5)]
[(1, 1), (2, 2), (3, 2), (4, 1), (5, 3), (6, 1), (7, 5), (8, 5)]
[(1, 1), (2, 2), (3, 2), (4, 1), (5, 3), (6, 4), (7, 3), (8, 2)]
[(1, 1), (2, 2), (3, 2), (4, 1), (5, 3), (6, 3), (7, 2), (8, 3)]
[(1, 1), (2, 2), (3, 2), (4, 1), (5, 3), (6, 5), (7, 1), (8, 2)]
[(1, 1), (2, 2), (3, 2), (4, 1), (5, 3), (6, 5), (7, 4), (8, 2)]
[(1, 1), (2, 2), (3, 2), (4, 1), (5, 3), (6, 4), (7, 3), (8, 5)]
[(1, 1), (2, 2), (3, 2), (4, 1), (5, 3), (6, 5), (7, 4), (8, 3)]
[(1, 1), (2, 2), (3, 2), (4, 1), (5, 3), (6, 3), (7, 1), (8, 2)]
[(1, 1), (2, 2), (3, 2), (4, 1), (5, 3), (6, 3), (7, 4), (8, 4)]
[(1, 1), (2, 2), (3, 2), (4, 1), (5, 3), (6, 1), (7, 2), (8, 5)]
[(1, 1), (2, 2), (3, 2), (4, 1), (5, 3), (6, 5), (7, 5), (8, 4)]
[(1, 1), (2, 2), (3, 2), (4, 1), (5, 3), (6, 4), (7, 1), (8, 4)]
[(1, 1), (2, 2), (3, 2), (4, 1), (5, 3), (6, 4), (7, 1), (8, 5)]
[(1, 1), (2, 2), (3, 2), (4, 1), (5, 3), (6, 4), (7, 1), (8, 2)]
[(1, 1), (2, 2), (3, 2), (4, 1), (5, 3), (6, 4), (7, 5), (8, 2)]
[(1, 1), (2, 2), (3, 2), (4, 1), (5, 3), (6, 1), (7, 4), (8, 4)]
[(1, 1), (2, 2), (3, 2), (4, 1), (5, 3), (6, 1), (7, 4), (8, 3)]
[(1, 1), (2, 2), (3, 2), (4, 1), (5, 3), (6, 5), (7, 3), (8, 2)]
[(1, 1), (2, 2), (3, 2), (4, 1), (5, 3), (6, 3), (7, 5), (8, 2)]
[(1, 1), (2, 2), (3, 2), (4, 1), (5, 3), (6, 5), (7, 1), (8, 3)]
[(1, 1), (2, 2), (3, 2), (4, 1), (5, 3), (6, 5), (7, 2), (8, 5)]
[(1, 1), (2, 2), (3, 2), (4, 1), (5, 3), (6, 4), (7, 4), (8, 4)]
[(1, 1), (2, 2), (3, 2), (4, 1), (5, 3), (6, 1), (7, 5), (8, 2)]
[(1, 1), (2, 2), (3, 2), (4, 1), (5, 3), (6, 4), (7, 3), (8, 3)]
[(1, 1), (2, 2), (3, 2), (4, 1), (5, 3), (6, 4), (7, 2), (8, 2)]
[(1, 1), (2, 2), (3, 2), (4, 1), (5, 3), (6, 1), (7, 4), (8, 5)]
[(1, 1), (2, 2), (3, 2), (4, 1), (5, 3), (6, 5), (7, 5), (8, 2)]
[(1, 1), (2, 2), (3, 2), (4, 1), (5, 3), (6, 1), (7, 2), (8, 3)]
[(1, 1), (2, 2), (3, 2), (4, 1), (5, 3), (6, 1), (7, 5), (8, 4)]
[(1, 1), (2, 2), (3, 2), (4, 1), (5, 3), (6, 3), (7, 4), (8, 2)]
[(1, 1), (2, 2), (3, 2), (4, 1), (5, 3), (6, 4), (7, 2), (8, 4)]
[(1, 1), (2, 2), (3, 2), (4, 1), (5, 3), (6, 3), (7, 1), (8, 3)]
[(1, 1), (2, 2), (3, 2), (4, 1), (5, 3), (6, 5), (7, 5), (8, 3)]
[(1, 1), (2, 2), (3, 2), (4, 1), (5, 3), (6, 4), (7, 2), (8, 5)]
[(1, 1), (2, 2), (3, 2), (4, 1), (5, 3), (6, 3), (7, 2), (8, 4)]
[(1, 1), (2, 2), (3, 2), (4, 1), (5, 3), (6, 5), (7, 2), (8, 4)]
[(1, 1), (2, 2), (3, 2), (4, 1), (5, 3), (6, 1), (7, 3), (8, 2)]
[(1, 1), (2, 2), (3, 2), (4, 1), (5, 3), (6, 5), (7, 4), (8, 4)]
[(1, 1), (2, 2), (3, 2), (4, 1), (5, 3), (6, 1), (7, 2), (8, 2)]
[(1, 1), (2, 2), (3, 2), (4, 1), (5, 3), (6, 5), (7, 3), (8, 5)]
[(1, 1), (2, 2), (3, 2), (4, 1), (5, 3), (6, 4), (7, 5), (8, 5)]
[(1, 1), (2, 2), (3, 2), (4, 1), (5, 3), (6, 5), (7, 1), (8, 5)]
[(1, 1), (2, 2), (3, 2), (4, 1), (5, 3), (6, 3), (7, 3), (8, 4)]
[(1, 1), (2, 2), (3, 2), (4, 1), (5, 3), (6, 4), (7, 2), (8, 3)]
[(1, 1), (2, 2), (3, 2), (4, 1), (5, 3), (6, 4), (7, 5), (8, 3)]
[(1, 1), (2, 2), (3, 2), (4, 1), (5, 3), (6, 4), (7, 1), (8, 3)]
[(1, 1), (2, 2), (3, 2), (4, 1), (5, 3), (6, 3), (7, 5), (8, 4)]
[(1, 1), (2, 2), (3, 2), (4, 1), (5, 3), (6, 1), (7, 5), (8, 3)]
[(1, 1), (2, 2), (3, 2), (4, 1), (5, 3), (6, 4), (7, 3), (8, 4)]
[(1, 1), (2, 2), (3, 2), (4, 1), (5, 3), (6, 5), (7, 3), (8, 3)]
[(1, 1), (2, 2), (3, 2), (4, 1), (5, 3), (6, 3), (7, 5), (8, 3)]
[(1, 1), (2, 2), (3, 2), (4, 1), (5, 3), (6, 1), (7, 4), (8, 2)]
[(1, 1), (2, 2), (3, 2), (4, 1), (5, 3), (6, 3), (7, 4), (8, 3)]
[(1, 1), (2, 2), (3, 2), (4, 1), (5, 3), (6, 3), (7, 2), (8, 5)]
