82 0 0,12 0 0,160 0 0,768 0 0,0 0 0,
18 0 0,12 0 0,544 0 0,448 0 0,0 0 0,
18 0 0,12 0 0,736 0 0,256 0 0,0 0 0,
146 0 0,12 0 0,32 0 0,0 0 0,832 0 0,
18 0 0,268 0 0,160 0 0,0 0 0,576 0 0,
18 0 0,268 0 0,608 0 0,128 0 0,0 0 0,
146 0 0,268 0 0,96 0 0,0 0 0,512 0 0,
18 0 0,12 0 0,160 0 0,832 0 0,0 0 0,
18 0 0,268 0 0,672 0 0,64 0 0,0 0 0,
530 0 0,12 0 0,96 0 0,128 0 0,256 0 0,
18 0 0,12 0 0,32 0 0,0 0 0,960 0 0,
530 0 0,12 0 0,96 0 0,256 0 0,128 0 0,
82 0 0,12 0 0,288 0 0,0 0 0,640 0 0,
18 0 0,12 0 0,288 0 0,512 0 0,192 0 0,
530 0 0,12 0 0,224 0 0,0 0 0,256 0 0,
18 0 0,140 0 0,32 0 0,64 0 0,768 0 0,
18 0 0,140 0 0,544 0 0,320 0 0,0 0 0,
18 0 0,12 0 0,544 0 0,384 0 0,64 0 0,
82 0 0,268 0 0,32 0 0,0 0 0,640 0 0,
82 0 0,780 0 0,160 0 0,0 0 0,0 0 0,
18 0 0,12 0 0,288 0 0,192 0 0,512 0 0,
82 0 0,396 0 0,32 0 0,512 0 0,0 0 0,
18 0 0,268 0 0,32 0 0,512 0 0,192 0 0,
146 0 0,12 0 0,352 0 0,512 0 0,0 0 0,
18 0 0,12 0 0,96 0 0,0 0 0,896 0 0,
530 0 0,268 0 0,96 0 0,0 0 0,128 0 0,
18 0 0,524 0 0,224 0 0,256 0 0,0 0 0,
146 0 0,12 0 0,288 0 0,0 0 0,576 0 0,
82 0 0,524 0 0,32 0 0,128 0 0,256 0 0,
530 0 0,12 0 0,160 0 0,0 0 0,320 0 0,
18 0 0,780 0 0,160 0 0,64 0 0,0 0 0,
18 0 0,140 0 0,288 0 0,576 0 0,0 0 0,
658 0 0,12 0 0,32 0 0,0 0 0,320 0 0,
658 0 0,12 0 0,96 0 0,0 0 0,256 0 0,
18 0 0,524 0 0,288 0 0,192 0 0,0 0 0,
18 0 0,12 0 0,32 0 0,576 0 0,384 0 0,
146 0 0,12 0 0,32 0 0,512 0 0,320 0 0,
594 0 0,140 0 0,32 0 0,256 0 0,0 0 0,
18 0 0,12 0 0,544 0 0,128 0 0,320 0 0,
530 0 0,140 0 0,32 0 0,320 0 0,0 0 0,
530 0 0,12 0 0,288 0 0,192 0 0,0 0 0,
18 0 0,268 0 0,224 0 0,0 0 0,512 0 0,
530 0 0,12 0 0,32 0 0,0 0 0,448 0 0,
82 0 0,12 0 0,672 0 0,256 0 0,0 0 0,
18 0 0,524 0 0,32 0 0,0 0 0,448 0 0,
18 0 0,12 0 0,544 0 0,64 0 0,384 0 0,
18 0 0,12 0 0,32 0 0,704 0 0,256 0 0,
18 0 0,12 0 0,32 0 0,512 0 0,448 0 0,
530 0 0,12 0 0,288 0 0,0 0 0,192 0 0,
530 0 0,12 0 0,32 0 0,64 0 0,384 0 0,
18 0 0,12 0 0,544 0 0,192 0 0,256 0 0,
82 0 0,140 0 0,544 0 0,256 0 0,0 0 0,
82 0 0,12 0 0,800 0 0,0 0 0,128 0 0,
82 0 0,268 0 0,32 0 0,128 0 0,512 0 0,
18 0 0,524 0 0,288 0 0,128 0 0,64 0 0,
18 0 0,524 0 0,288 0 0,0 0 0,192 0 0,
18 0 0,12 0 0,736 0 0,0 0 0,256 0 0,
18 0 0,12 0 0,160 0 0,768 0 0,64 0 0,
82 0 0,12 0 0,544 0 0,256 0 0,128 0 0,
530 0 0,12 0 0,96 0 0,0 0 0,384 0 0,
18 0 0,780 0 0,32 0 0,0 0 0,192 0 0,
594 0 0,12 0 0,32 0 0,256 0 0,128 0 0,
530 0 0,12 0 0,160 0 0,320 0 0,0 0 0,
146 0 0,524 0 0,96 0 0,256 0 0,0 0 0,
530 0 0,12 0 0,352 0 0,128 0 0,0 0 0,
18 0 0,140 0 0,864 0 0,0 0 0,0 0 0,
146 0 0,12 0 0,544 0 0,0 0 0,320 0 0,
82 0 0,12 0 0,32 0 0,256 0 0,640 0 0,
18 0 0,12 0 0,32 0 0,256 0 0,704 0 0,
18 0 0,780 0 0,32 0 0,128 0 0,64 0 0,
146 0 0,268 0 0,32 0 0,0 0 0,576 0 0,
594 0 0,396 0 0,32 0 0,0 0 0,0 0 0,
18 0 0,12 0 0,224 0 0,512 0 0,256 0 0,
594 0 0,12 0 0,288 0 0,0 0 0,128 0 0,
530 0 0,396 0 0,32 0 0,64 0 0,0 0 0,
82 0 0,268 0 0,160 0 0,0 0 0,512 0 0,
18 0 0,524 0 0,32 0 0,128 0 0,320 0 0,
18 0 0,12 0 0,608 0 0,128 0 0,256 0 0,
658 0 0,12 0 0,352 0 0,0 0 0,0 0 0,
18 0 0,140 0 0,96 0 0,0 0 0,768 0 0,
18 0 0,524 0 0,32 0 0,192 0 0,256 0 0,
18 0 0,12 0 0,352 0 0,0 0 0,640 0 0,
530 0 0,12 0 0,288 0 0,64 0 0,128 0 0,
18 0 0,524 0 0,160 0 0,0 0 0,320 0 0,
18 0 0,12 0 0,864 0 0,128 0 0,0 0 0,
18 0 0,268 0 0,544 0 0,128 0 0,64 0 0,
18 0 0,12 0 0,672 0 0,256 0 0,64 0 0,
18 0 0,140 0 0,544 0 0,0 0 0,320 0 0,
18 0 0,12 0 0,672 0 0,320 0 0,0 0 0,
18 0 0,12 0 0,32 0 0,448 0 0,512 0 0,
594 0 0,268 0 0,32 0 0,0 0 0,128 0 0,
18 0 0,12 0 0,800 0 0,192 0 0,0 0 0,
82 0 0,140 0 0,288 0 0,0 0 0,512 0 0,
18 0 0,140 0 0,544 0 0,256 0 0,64 0 0,
594 0 0,268 0 0,32 0 0,128 0 0,0 0 0,
18 0 0,12 0 0,96 0 0,640 0 0,256 0 0,
18 0 0,12 0 0,32 0 0,832 0 0,128 0 0,
18 0 0,524 0 0,160 0 0,256 0 0,64 0 0,
18 0 0,12 0 0,288 0 0,640 0 0,64 0 0,
18 0 0,396 0 0,544 0 0,64 0 0,0 0 0,
146 0 0,524 0 0,96 0 0,0 0 0,256 0 0,
18 0 0,12 0 0,416 0 0,576 0 0,0 0 0,
18 0 0,12 0 0,288 0 0,576 0 0,128 0 0,
146 0 0,268 0 0,32 0 0,64 0 0,512 0 0,
146 0 0,268 0 0,96 0 0,512 0 0,0 0 0,
146 0 0,12 0 0,96 0 0,256 0 0,512 0 0,
146 0 0,12 0 0,800 0 0,0 0 0,64 0 0,
530 0 0,268 0 0,96 0 0,128 0 0,0 0 0,
18 0 0,140 0 0,96 0 0,768 0 0,0 0 0,
18 0 0,140 0 0,288 0 0,64 0 0,512 0 0,
18 0 0,12 0 0,608 0 0,256 0 0,128 0 0,
82 0 0,12 0 0,416 0 0,512 0 0,0 0 0,
18 0 0,524 0 0,96 0 0,128 0 0,256 0 0,
18 0 0,524 0 0,288 0 0,64 0 0,128 0 0,
82 0 0,524 0 0,32 0 0,0 0 0,384 0 0,
18 0 0,12 0 0,32 0 0,320 0 0,640 0 0,
530 0 0,12 0 0,224 0 0,256 0 0,0 0 0,
530 0 0,140 0 0,288 0 0,64 0 0,0 0 0,
18 0 0,12 0 0,32 0 0,64 0 0,896 0 0,
146 0 0,12 0 0,544 0 0,64 0 0,256 0 0,
82 0 0,268 0 0,32 0 0,640 0 0,0 0 0,
658 0 0,12 0 0,32 0 0,256 0 0,64 0 0,
82 0 0,12 0 0,672 0 0,0 0 0,256 0 0,
658 0 0,12 0 0,96 0 0,256 0 0,0 0 0,
146 0 0,780 0 0,32 0 0,0 0 0,64 0 0,
146 0 0,12 0 0,32 0 0,768 0 0,64 0 0,
530 0 0,12 0 0,32 0 0,128 0 0,320 0 0,
18 0 0,780 0 0,32 0 0,64 0 0,128 0 0,
530 0 0,140 0 0,96 0 0,256 0 0,0 0 0,
658 0 0,12 0 0,288 0 0,0 0 0,64 0 0,
82 0 0,12 0 0,544 0 0,384 0 0,0 0 0,
82 0 0,12 0 0,544 0 0,128 0 0,256 0 0,
18 0 0,12 0 0,32 0 0,192 0 0,768 0 0,
82 0 0,524 0 0,160 0 0,0 0 0,256 0 0,
146 0 0,12 0 0,608 0 0,0 0 0,256 0 0,
18 0 0,12 0 0,96 0 0,128 0 0,768 0 0,
82 0 0,140 0 0,32 0 0,512 0 0,256 0 0,
18 0 0,12 0 0,416 0 0,64 0 0,512 0 0,
146 0 0,524 0 0,32 0 0,64 0 0,256 0 0,
18 0 0,12 0 0,96 0 0,768 0 0,128 0 0,
18 0 0,140 0 0,352 0 0,512 0 0,0 0 0,
18 0 0,12 0 0,928 0 0,0 0 0,64 0 0,
82 0 0,268 0 0,160 0 0,512 0 0,0 0 0,
530 0 0,12 0 0,32 0 0,256 0 0,192 0 0,
18 0 0,12 0 0,288 0 0,128 0 0,576 0 0,
82 0 0,12 0 0,32 0 0,512 0 0,384 0 0,
658 0 0,12 0 0,288 0 0,64 0 0,0 0 0,
594 0 0,12 0 0,160 0 0,256 0 0,0 0 0,
18 0 0,12 0 0,224 0 0,768 0 0,0 0 0,
146 0 0,12 0 0,32 0 0,832 0 0,0 0 0,
18 0 0,140 0 0,32 0 0,576 0 0,256 0 0,
82 0 0,396 0 0,32 0 0,0 0 0,512 0 0,
82 0 0,12 0 0,32 0 0,384 0 0,512 0 0,
594 0 0,140 0 0,288 0 0,0 0 0,0 0 0,
82 0 0,140 0 0,32 0 0,768 0 0,0 0 0,
18 0 0,524 0 0,32 0 0,320 0 0,128 0 0,
18 0 0,524 0 0,352 0 0,0 0 0,128 0 0,
146 0 0,268 0 0,544 0 0,64 0 0,0 0 0,
658 0 0,268 0 0,32 0 0,0 0 0,64 0 0,
530 0 0,12 0 0,96 0 0,384 0 0,0 0 0,
82 0 0,12 0 0,288 0 0,512 0 0,128 0 0,
18 0 0,524 0 0,96 0 0,256 0 0,128 0 0,
18 0 0,12 0 0,160 0 0,320 0 0,512 0 0,
18 0 0,780 0 0,96 0 0,128 0 0,0 0 0,
530 0 0,12 0 0,416 0 0,64 0 0,0 0 0,
18 0 0,268 0 0,608 0 0,0 0 0,128 0 0,
18 0 0,396 0 0,32 0 0,512 0 0,64 0 0,
18 0 0,396 0 0,96 0 0,512 0 0,0 0 0,
82 0 0,524 0 0,32 0 0,256 0 0,128 0 0,
18 0 0,268 0 0,32 0 0,64 0 0,640 0 0,
594 0 0,268 0 0,160 0 0,0 0 0,0 0 0,
658 0 0,12 0 0,32 0 0,320 0 0,0 0 0,
18 0 0,396 0 0,32 0 0,0 0 0,576 0 0,
146 0 0,12 0 0,96 0 0,0 0 0,768 0 0,
82 0 0,140 0 0,32 0 0,256 0 0,512 0 0,
18 0 0,12 0 0,608 0 0,384 0 0,0 0 0,
18 0 0,396 0 0,544 0 0,0 0 0,64 0 0,
82 0 0,12 0 0,416 0 0,0 0 0,512 0 0,
530 0 0,268 0 0,32 0 0,64 0 0,128 0 0,
82 0 0,12 0 0,32 0 0,128 0 0,768 0 0,
18 0 0,268 0 0,96 0 0,640 0 0,0 0 0,
18 0 0,524 0 0,416 0 0,0 0 0,64 0 0,
18 0 0,268 0 0,32 0 0,128 0 0,576 0 0,
82 0 0,12 0 0,928 0 0,0 0 0,0 0 0,
18 0 0,12 0 0,160 0 0,576 0 0,256 0 0,
146 0 0,268 0 0,544 0 0,0 0 0,64 0 0,
18 0 0,780 0 0,224 0 0,0 0 0,0 0 0,
530 0 0,140 0 0,32 0 0,256 0 0,64 0 0,
18 0 0,140 0 0,800 0 0,64 0 0,0 0 0,
530 0 0,12 0 0,416 0 0,0 0 0,64 0 0,
18 0 0,780 0 0,160 0 0,0 0 0,64 0 0,
18 0 0,12 0 0,288 0 0,704 0 0,0 0 0,
18 0 0,268 0 0,32 0 0,192 0 0,512 0 0,
146 0 0,524 0 0,32 0 0,256 0 0,64 0 0,
530 0 0,12 0 0,480 0 0,0 0 0,0 0 0,
18 0 0,268 0 0,96 0 0,128 0 0,512 0 0,
82 0 0,12 0 0,160 0 0,256 0 0,512 0 0,
18 0 0,12 0 0,928 0 0,64 0 0,0 0 0,
18 0 0,12 0 0,32 0 0,960 0 0,0 0 0,
146 0 0,524 0 0,288 0 0,0 0 0,64 0 0,
18 0 0,12 0 0,544 0 0,0 0 0,448 0 0,
18 0 0,524 0 0,416 0 0,64 0 0,0 0 0,
18 0 0,268 0 0,672 0 0,0 0 0,64 0 0,
530 0 0,268 0 0,160 0 0,64 0 0,0 0 0,
18 0 0,140 0 0,288 0 0,512 0 0,64 0 0,
18 0 0,140 0 0,32 0 0,320 0 0,512 0 0,
18 0 0,140 0 0,352 0 0,0 0 0,512 0 0,
18 0 0,12 0 0,544 0 0,256 0 0,192 0 0,
82 0 0,12 0 0,160 0 0,512 0 0,256 0 0,
530 0 0,268 0 0,32 0 0,0 0 0,192 0 0,
18 0 0,12 0 0,32 0 0,384 0 0,576 0 0,
18 0 0,12 0 0,864 0 0,0 0 0,128 0 0,
18 0 0,12 0 0,32 0 0,640 0 0,320 0 0,
82 0 0,12 0 0,32 0 0,640 0 0,256 0 0,
594 0 0,12 0 0,160 0 0,0 0 0,256 0 0,
18 0 0,524 0 0,352 0 0,128 0 0,0 0 0,
530 0 0,12 0 0,160 0 0,64 0 0,256 0 0,
18 0 0,140 0 0,32 0 0,512 0 0,320 0 0,
82 0 0,12 0 0,544 0 0,0 0 0,384 0 0,
594 0 0,12 0 0,32 0 0,384 0 0,0 0 0,
18 0 0,396 0 0,96 0 0,0 0 0,512 0 0,
530 0 0,140 0 0,288 0 0,0 0 0,64 0 0,
18 0 0,12 0 0,608 0 0,0 0 0,384 0 0,
18 0 0,12 0 0,480 0 0,512 0 0,0 0 0,
530 0 0,268 0 0,32 0 0,192 0 0,0 0 0,
530 0 0,12 0 0,32 0 0,192 0 0,256 0 0,
18 0 0,12 0 0,160 0 0,512 0 0,320 0 0,
18 0 0,12 0 0,672 0 0,0 0 0,320 0 0,
18 0 0,268 0 0,32 0 0,0 0 0,704 0 0,
146 0 0,12 0 0,96 0 0,768 0 0,0 0 0,
82 0 0,12 0 0,32 0 0,0 0 0,896 0 0,
18 0 0,268 0 0,544 0 0,192 0 0,0 0 0,
18 0 0,268 0 0,32 0 0,704 0 0,0 0 0,
18 0 0,140 0 0,32 0 0,768 0 0,64 0 0,
18 0 0,268 0 0,544 0 0,0 0 0,192 0 0,
18 0 0,140 0 0,32 0 0,832 0 0,0 0 0,
530 0 0,140 0 0,32 0 0,0 0 0,320 0 0,
658 0 0,268 0 0,96 0 0,0 0 0,0 0 0,
18 0 0,12 0 0,96 0 0,384 0 0,512 0 0,
82 0 0,524 0 0,32 0 0,384 0 0,0 0 0,
594 0 0,12 0 0,288 0 0,128 0 0,0 0 0,
530 0 0,12 0 0,160 0 0,256 0 0,64 0 0,
18 0 0,12 0 0,160 0 0,64 0 0,768 0 0,
18 0 0,268 0 0,736 0 0,0 0 0,0 0 0,
18 0 0,268 0 0,160 0 0,64 0 0,512 0 0,
18 0 0,140 0 0,32 0 0,0 0 0,832 0 0,
18 0 0,140 0 0,608 0 0,256 0 0,0 0 0,
146 0 0,780 0 0,96 0 0,0 0 0,0 0 0,
146 0 0,268 0 0,608 0 0,0 0 0,0 0 0,
18 0 0,524 0 0,160 0 0,64 0 0,256 0 0,
18 0 0,268 0 0,224 0 0,512 0 0,0 0 0,
658 0 0,268 0 0,32 0 0,64 0 0,0 0 0,
146 0 0,268 0 0,32 0 0,512 0 0,64 0 0,
146 0 0,12 0 0,288 0 0,512 0 0,64 0 0,
18 0 0,268 0 0,544 0 0,64 0 0,128 0 0,
146 0 0,12 0 0,608 0 0,256 0 0,0 0 0,
146 0 0,524 0 0,32 0 0,0 0 0,320 0 0,
18 0 0,12 0 0,416 0 0,512 0 0,64 0 0,
82 0 0,12 0 0,800 0 0,128 0 0,0 0 0,
530 0 0,140 0 0,32 0 0,64 0 0,256 0 0,
18 0 0,524 0 0,32 0 0,64 0 0,384 0 0,
82 0 0,524 0 0,288 0 0,0 0 0,128 0 0,
530 0 0,268 0 0,32 0 0,128 0 0,64 0 0,
594 0 0,12 0 0,416 0 0,0 0 0,0 0 0,
18 0 0,396 0 0,608 0 0,0 0 0,0 0 0,
18 0 0,524 0 0,160 0 0,320 0 0,0 0 0,
18 0 0,524 0 0,32 0 0,256 0 0,192 0 0,
146 0 0,524 0 0,32 0 0,320 0 0,0 0 0,
18 0 0,12 0 0,32 0 0,128 0 0,832 0 0,
18 0 0,524 0 0,224 0 0,0 0 0,256 0 0,
82 0 0,12 0 0,32 0 0,896 0 0,0 0 0,
18 0 0,12 0 0,224 0 0,0 0 0,768 0 0,
530 0 0,268 0 0,224 0 0,0 0 0,0 0 0,
82 0 0,12 0 0,288 0 0,640 0 0,0 0 0,
18 0 0,524 0 0,96 0 0,384 0 0,0 0 0,
146 0 0,12 0 0,288 0 0,64 0 0,512 0 0,
146 0 0,12 0 0,864 0 0,0 0 0,0 0 0,
82 0 0,780 0 0,32 0 0,128 0 0,0 0 0,
146 0 0,12 0 0,32 0 0,256 0 0,576 0 0,
82 0 0,268 0 0,544 0 0,0 0 0,128 0 0,
146 0 0,12 0 0,544 0 0,256 0 0,64 0 0,
18 0 0,268 0 0,160 0 0,512 0 0,64 0 0,
146 0 0,12 0 0,96 0 0,512 0 0,256 0 0,
530 0 0,396 0 0,32 0 0,0 0 0,64 0 0,
18 0 0,12 0 0,32 0 0,768 0 0,192 0 0,
18 0 0,268 0 0,160 0 0,576 0 0,0 0 0,
82 0 0,268 0 0,32 0 0,512 0 0,128 0 0,
18 0 0,12 0 0,992 0 0,0 0 0,0 0 0,
146 0 0,12 0 0,352 0 0,0 0 0,512 0 0,
18 0 0,12 0 0,416 0 0,0 0 0,576 0 0,
18 0 0,12 0 0,96 0 0,896 0 0,0 0 0,
82 0 0,140 0 0,32 0 0,0 0 0,768 0 0,
18 0 0,268 0 0,96 0 0,512 0 0,128 0 0,
146 0 0,12 0 0,32 0 0,64 0 0,768 0 0,
18 0 0,12 0 0,352 0 0,640 0 0,0 0 0,
530 0 0,12 0 0,352 0 0,0 0 0,128 0 0,
146 0 0,12 0 0,32 0 0,576 0 0,256 0 0,
82 0 0,140 0 0,800 0 0,0 0 0,0 0 0,
18 0 0,268 0 0,32 0 0,640 0 0,64 0 0,
18 0 0,140 0 0,608 0 0,0 0 0,256 0 0,
82 0 0,396 0 0,544 0 0,0 0 0,0 0 0,
82 0 0,12 0 0,32 0 0,768 0 0,128 0 0,
18 0 0,12 0 0,800 0 0,64 0 0,128 0 0,
18 0 0,140 0 0,544 0 0,64 0 0,256 0 0,
18 0 0,12 0 0,160 0 0,0 0 0,832 0 0,
18 0 0,268 0 0,96 0 0,0 0 0,640 0 0,
18 0 0,12 0 0,288 0 0,0 0 0,704 0 0,
530 0 0,268 0 0,160 0 0,0 0 0,64 0 0,
18 0 0,12 0 0,288 0 0,64 0 0,640 0 0,
18 0 0,12 0 0,352 0 0,128 0 0,512 0 0,
18 0 0,396 0 0,32 0 0,64 0 0,512 0 0,
530 0 0,12 0 0,32 0 0,448 0 0,0 0 0,
82 0 0,12 0 0,160 0 0,0 0 0,768 0 0,
18 0 0,140 0 0,32 0 0,256 0 0,576 0 0,
146 0 0,12 0 0,32 0 0,320 0 0,512 0 0,
82 0 0,268 0 0,672 0 0,0 0 0,0 0 0,
18 0 0,12 0 0,672 0 0,64 0 0,256 0 0,
18 0 0,12 0 0,800 0 0,0 0 0,192 0 0,
146 0 0,12 0 0,544 0 0,320 0 0,0 0 0,
18 0 0,140 0 0,96 0 0,512 0 0,256 0 0,
530 0 0,140 0 0,96 0 0,0 0 0,256 0 0,
530 0 0,12 0 0,288 0 0,128 0 0,64 0 0,
658 0 0,12 0 0,32 0 0,64 0 0,256 0 0,
594 0 0,12 0 0,32 0 0,0 0 0,384 0 0,
18 0 0,12 0 0,224 0 0,256 0 0,512 0 0,
18 0 0,140 0 0,800 0 0,0 0 0,64 0 0,
18 0 0,140 0 0,96 0 0,256 0 0,512 0 0,
18 0 0,12 0 0,480 0 0,0 0 0,512 0 0,
18 0 0,12 0 0,96 0 0,256 0 0,640 0 0,
18 0 0,12 0 0,32 0 0,896 0 0,64 0 0,
594 0 0,140 0 0,32 0 0,0 0 0,256 0 0,
146 0 0,268 0 0,32 0 0,576 0 0,0 0 0,
82 0 0,524 0 0,288 0 0,128 0 0,0 0 0,
18 0 0,780 0 0,96 0 0,0 0 0,128 0 0,
18 0 0,12 0 0,352 0 0,512 0 0,128 0 0,
146 0 0,524 0 0,288 0 0,64 0 0,0 0 0,
18 0 0,140 0 0,288 0 0,0 0 0,576 0 0,
82 0 0,780 0 0,32 0 0,0 0 0,128 0 0,
82 0 0,140 0 0,288 0 0,512 0 0,0 0 0,
18 0 0,524 0 0,480 0 0,0 0 0,0 0 0,
530 0 0,12 0 0,32 0 0,320 0 0,128 0 0,
18 0 0,524 0 0,32 0 0,448 0 0,0 0 0,
146 0 0,12 0 0,800 0 0,64 0 0,0 0 0,
82 0 0,268 0 0,544 0 0,128 0 0,0 0 0,
82 0 0,524 0 0,160 0 0,256 0 0,0 0 0,
594 0 0,12 0 0,32 0 0,128 0 0,256 0 0,
18 0 0,12 0 0,96 0 0,512 0 0,384 0 0,
146 0 0,524 0 0,352 0 0,0 0 0,0 0 0,
146 0 0,780 0 0,32 0 0,64 0 0,0 0 0,
18 0 0,524 0 0,96 0 0,0 0 0,384 0 0,
530 0 0,140 0 0,352 0 0,0 0 0,0 0 0,
18 0 0,524 0 0,32 0 0,384 0 0,64 0 0,
18 0 0,268 0 0,32 0 0,576 0 0,128 0 0,
18 0 0,12 0 0,160 0 0,256 0 0,576 0 0,
18 0 0,780 0 0,32 0 0,192 0 0,0 0 0,
82 0 0,12 0 0,288 0 0,128 0 0,512 0 0,
18 0 0,12 0 0,800 0 0,128 0 0,64 0 0,
530 0 0,396 0 0,96 0 0,0 0 0,0 0 0,
82 0 0,140 0 0,544 0 0,0 0 0,256 0 0,
18 0 0,12 0 0,544 0 0,320 0 0,128 0 0,
18 0 0,396 0 0,32 0 0,576 0 0,0 0 0,
82 0 0,524 0 0,416 0 0,0 0 0,0 0 0,
146 0 0,12 0 0,288 0 0,576 0 0,0 0 0,
530 0 0,12 0 0,32 0 0,384 0 0,64 0 0,
