82 0 0,12 0 0,32 0 0,0 0 0,128 0 0,
146 0 0,12 0 0,32 0 0,0 0 0,64 0 0,
18 0 0,12 0 0,160 0 0,64 0 0,0 0 0,
18 0 0,12 0 0,224 0 0,0 0 0,0 0 0,
82 0 0,12 0 0,32 0 0,128 0 0,0 0 0,
18 0 0,12 0 0,32 0 0,64 0 0,128 0 0,
18 0 0,12 0 0,160 0 0,0 0 0,64 0 0,
18 0 0,12 0 0,96 0 0,128 0 0,0 0 0,
18 0 0,12 0 0,32 0 0,192 0 0,0 0 0,
18 0 0,12 0 0,32 0 0,0 0 0,192 0 0,
146 0 0,12 0 0,32 0 0,64 0 0,0 0 0,
18 0 0,140 0 0,32 0 0,64 0 0,0 0 0,
18 0 0,12 0 0,96 0 0,0 0 0,128 0 0,
18 0 0,12 0 0,32 0 0,128 0 0,64 0 0,
18 0 0,140 0 0,96 0 0,0 0 0,0 0 0,
82 0 0,140 0 0,32 0 0,0 0 0,0 0 0,
146 0 0,12 0 0,96 0 0,0 0 0,0 0 0,
82 0 0,12 0 0,160 0 0,0 0 0,0 0 0,
18 0 0,140 0 0,32 0 0,0 0 0,64 0 0,
